51541 1 
6 1 0.30 0.60 0.70 0.40
51542 1
2 0.1 0.30 0.30 0.70 0.70
51543 1
6 1 0.30 0.60 0.70 0.40
51544 3
2 0.004 0.30 0.30 0.70 0.70
6 0.022 0.30 0.60 0.70 0.40
2 0.004 0.30 0.30 0.70 0.70
51545 2
2 0.004 0.30 0.30 0.70 0.70
6 0.022 0.30 0.60 0.70 0.40
51546 2
2 0.004 0.30 0.30 0.70 0.70
6 0.022 0.30 0.60 0.70 0.40
51547 2
2 0.004 0.30 0.30 0.70 0.70
6 0.022 0.30 0.60 0.70 0.40
51548 2
2 0.004 0.30 0.30 0.70 0.70
6 0.022 0.30 0.60 0.70 0.40
51549 2
2 0.004 0.30 0.30 0.70 0.70
6 0.022 0.30 0.60 0.70 0.40
51550 2
2 0.004 0.30 0.30 0.70 0.70
6 0.022 0.30 0.60 0.70 0.40
51551 2
2 0.004 0.30 0.30 0.70 0.70
6 0.022 0.30 0.60 0.70 0.40
51552 2
2 0.004 0.30 0.30 0.70 0.70
6 0.022 0.30 0.60 0.70 0.40
51553 2
2 0.004 0.30 0.30 0.70 0.70
6 0.022 0.30 0.60 0.70 0.40
51554 2
2 0.004 0.30 0.30 0.70 0.70
6 0.022 0.30 0.60 0.70 0.40
51555 2
2 0.004 0.30 0.30 0.70 0.70
6 0.022 0.30 0.60 0.70 0.40
51556 2
2 0.004 0.30 0.30 0.70 0.70
6 0.022 0.30 0.60 0.70 0.40
51557 2
2 0.004 0.30 0.30 0.70 0.70
6 0.022 0.30 0.60 0.70 0.40
51558 2
2 0.004 0.30 0.30 0.70 0.70
6 0.022 0.30 0.60 0.70 0.40
51559 2
2 0.004 0.30 0.30 0.70 0.70
6 0.022 0.30 0.60 0.70 0.40
51560 2
2 0.004 0.30 0.30 0.70 0.70
6 0.022 0.30 0.60 0.70 0.40