  51541         -6.0625    105.9375
  51542         -6.0625    106.0625
  51543         -6.0625    106.1875
  51544         -6.0625    106.3125
  51545         -6.0625    106.4375
  51546         -6.0625    106.5625
  51547         -6.0625    106.6875
  51548         -6.0625    106.9375
  51549         -6.0625    107.0625
  51550         -6.0625    107.1875
  51551         -6.0625    107.3125
  51552         -6.0625    107.4375
  51553         -6.1875    105.8125
  51554         -6.1875    105.9375
  51555         -6.1875    106.0625
  51556         -6.1875    106.1875
  51557         -6.1875    106.3125
  51558         -6.1875    106.4375
  51559         -6.1875    106.5625
  51560         -6.1875    106.6875