51541         1   
    6         1   
51542         1   
    2         0.1  
51543         1   
    6         1   
51544         3   
    2         0.004
    6         0.022
    2         0.004
51545         2   
    2         0.004
    6         0.022
51546         2   
    2         0.004
    6         0.022
51547         2   
    2         0.004
    6         0.022
51548         2   
    2         0.004
    6         0.022
51549         2   
    2         0.004
    6         0.022
51550         2   
    2         0.004
    6         0.022
51551         2   
    2         0.004
    6         0.022
51552         2   
    2         0.004
    6         0.022
51553         2   
    2         0.004
    6         0.022
51554         2   
    2         0.004
    6         0.022
51555         2   
    2         0.004
    6         0.022
51556         2   
    2         0.004
    6         0.022
51557         2   
    2         0.004
    6         0.022
51558         2   
    2         0.004
    6         0.022
51559         2   
    2         0.004
    6         0.022
51560         2   
    2         0.004
    6         0.022