1 51541 -6.0625 105.9375 0.125 0.325 94.0823 0.96 2 13.6 13.6
1 51542 -6.0625 106.0625 0.125 0.325 94.0823 0.96 2 13.6 13.6
1 51543 -6.0625 106.1875 0.125 0.325 94.0823 0.96 2 13.6 13.6
1 51544 -6.0625 106.3125 0.125 0.325 94.0823 0.96 2 13.6 13.6
1 51545 -6.0625 106.4375 0.125 0.325 94.0823 0.96 2 13.6 13.6
1 51546 -6.0625 106.5625 0.125 0.325 94.0823 0.96 2 13.6 13.6
1 51547 -6.0625 106.6875 0.125 0.325 94.0823 0.96 2 13.6 13.6
1 51548 -6.0625 106.9375 0.125 0.325 94.0823 0.96 2 13.6 13.6
1 51549 -6.0625 107.0625 0.125 0.325 94.0823 0.96 2 13.6 13.6
1 51550 -6.0625 107.1875 0.125 0.325 94.0823 0.96 2 13.6 13.6
1 51551 -6.0625 107.3125 0.125 0.325 94.0823 0.96 2 13.6 13.6
1 51552 -6.0625 107.4375 0.125 0.325 94.0823 0.96 2 13.6 13.6
1 51553 -6.1875 105.8125 0.125 0.325 94.0823 0.96 2 13.6 13.6
1 51554 -6.1875 105.9375 0.125 0.325 94.0823 0.96 2 13.6 13.6
1 51555 -6.1875 106.0625 0.125 0.325 94.0823 0.96 2 13.6 13.6
1 51556 -6.1875 106.1875 0.125 0.325 94.0823 0.96 2 13.6 13.6
1 51557 -6.1875 106.3125 0.125 0.325 94.0823 0.96 2 13.6 13.6
1 51558 -6.1875 106.4375 0.125 0.325 94.0823 0.96 2 13.6 13.6
1 51559 -6.1875 106.5625 0.125 0.325 94.0823 0.96 2 13.6 13.6
1 51560 -6.1875 106.6875 0.125 0.325 94.0823 0.96 2 13.6 13.6